[ 5.84333333  3.054       3.75866667  1.19866667]
[[ -7.43333333e-01  -9.43333333e-01  -1.14333333e+00  -1.24333333e+00
   -8.43333333e-01  -4.43333333e-01  -1.24333333e+00  -8.43333333e-01
   -1.44333333e+00  -9.43333333e-01  -4.43333333e-01  -1.04333333e+00
   -1.04333333e+00  -1.54333333e+00  -4.33333333e-02  -1.43333333e-01
   -4.43333333e-01  -7.43333333e-01  -1.43333333e-01  -7.43333333e-01
   -4.43333333e-01  -7.43333333e-01  -1.24333333e+00  -7.43333333e-01
   -1.04333333e+00  -8.43333333e-01  -8.43333333e-01  -6.43333333e-01
   -6.43333333e-01  -1.14333333e+00  -1.04333333e+00  -4.43333333e-01
   -6.43333333e-01  -3.43333333e-01  -9.43333333e-01  -8.43333333e-01
   -3.43333333e-01  -9.43333333e-01  -1.44333333e+00  -7.43333333e-01
   -8.43333333e-01  -1.34333333e+00  -1.44333333e+00  -8.43333333e-01
   -7.43333333e-01  -1.04333333e+00  -7.43333333e-01  -1.24333333e+00
   -5.43333333e-01  -8.43333333e-01   1.15666667e+00   5.56666667e-01
    1.05666667e+00  -3.43333333e-01   6.56666667e-01  -1.43333333e-01
    4.56666667e-01  -9.43333333e-01   7.56666667e-01  -6.43333333e-01
   -8.43333333e-01   5.66666667e-02   1.56666667e-01   2.56666667e-01
   -2.43333333e-01   8.56666667e-01  -2.43333333e-01  -4.33333333e-02
    3.56666667e-01  -2.43333333e-01   5.66666667e-02   2.56666667e-01
    4.56666667e-01   2.56666667e-01   5.56666667e-01   7.56666667e-01
    9.56666667e-01   8.56666667e-01   1.56666667e-01  -1.43333333e-01
   -3.43333333e-01  -3.43333333e-01  -4.33333333e-02   1.56666667e-01
   -4.43333333e-01   1.56666667e-01   8.56666667e-01   4.56666667e-01
   -2.43333333e-01  -3.43333333e-01  -3.43333333e-01   2.56666667e-01
   -4.33333333e-02  -8.43333333e-01  -2.43333333e-01  -1.43333333e-01
   -1.43333333e-01   3.56666667e-01  -7.43333333e-01  -1.43333333e-01
    4.56666667e-01  -4.33333333e-02   1.25666667e+00   4.56666667e-01
    6.56666667e-01   1.75666667e+00  -9.43333333e-01   1.45666667e+00
    8.56666667e-01   1.35666667e+00   6.56666667e-01   5.56666667e-01
    9.56666667e-01  -1.43333333e-01  -4.33333333e-02   5.56666667e-01
    6.56666667e-01   1.85666667e+00   1.85666667e+00   1.56666667e-01
    1.05666667e+00  -2.43333333e-01   1.85666667e+00   4.56666667e-01
    8.56666667e-01   1.35666667e+00   3.56666667e-01   2.56666667e-01
    5.56666667e-01   1.35666667e+00   1.55666667e+00   2.05666667e+00
    5.56666667e-01   4.56666667e-01   2.56666667e-01   1.85666667e+00
    4.56666667e-01   5.56666667e-01   1.56666667e-01   1.05666667e+00
    8.56666667e-01   1.05666667e+00  -4.33333333e-02   9.56666667e-01
    8.56666667e-01   8.56666667e-01   4.56666667e-01   6.56666667e-01
    3.56666667e-01   5.66666667e-02]
 [  4.46000000e-01  -5.40000000e-02   1.46000000e-01   4.60000000e-02
    5.46000000e-01   8.46000000e-01   3.46000000e-01   3.46000000e-01
   -1.54000000e-01   4.60000000e-02   6.46000000e-01   3.46000000e-01
   -5.40000000e-02  -5.40000000e-02   9.46000000e-01   1.34600000e+00
    8.46000000e-01   4.46000000e-01   7.46000000e-01   7.46000000e-01
    3.46000000e-01   6.46000000e-01   5.46000000e-01   2.46000000e-01
    3.46000000e-01  -5.40000000e-02   3.46000000e-01   4.46000000e-01
    3.46000000e-01   1.46000000e-01   4.60000000e-02   3.46000000e-01
    1.04600000e+00   1.14600000e+00   4.60000000e-02   1.46000000e-01
    4.46000000e-01   4.60000000e-02  -5.40000000e-02   3.46000000e-01
    4.46000000e-01  -7.54000000e-01   1.46000000e-01   4.46000000e-01
    7.46000000e-01  -5.40000000e-02   7.46000000e-01   1.46000000e-01
    6.46000000e-01   2.46000000e-01   1.46000000e-01   1.46000000e-01
    4.60000000e-02  -7.54000000e-01  -2.54000000e-01  -2.54000000e-01
    2.46000000e-01  -6.54000000e-01  -1.54000000e-01  -3.54000000e-01
   -1.05400000e+00  -5.40000000e-02  -8.54000000e-01  -1.54000000e-01
   -1.54000000e-01   4.60000000e-02  -5.40000000e-02  -3.54000000e-01
   -8.54000000e-01  -5.54000000e-01   1.46000000e-01  -2.54000000e-01
   -5.54000000e-01  -2.54000000e-01  -1.54000000e-01  -5.40000000e-02
   -2.54000000e-01  -5.40000000e-02  -1.54000000e-01  -4.54000000e-01
   -6.54000000e-01  -6.54000000e-01  -3.54000000e-01  -3.54000000e-01
   -5.40000000e-02   3.46000000e-01   4.60000000e-02  -7.54000000e-01
   -5.40000000e-02  -5.54000000e-01  -4.54000000e-01  -5.40000000e-02
   -4.54000000e-01  -7.54000000e-01  -3.54000000e-01  -5.40000000e-02
   -1.54000000e-01  -1.54000000e-01  -5.54000000e-01  -2.54000000e-01
    2.46000000e-01  -3.54000000e-01  -5.40000000e-02  -1.54000000e-01
   -5.40000000e-02  -5.40000000e-02  -5.54000000e-01  -1.54000000e-01
   -5.54000000e-01   5.46000000e-01   1.46000000e-01  -3.54000000e-01
   -5.40000000e-02  -5.54000000e-01  -2.54000000e-01   1.46000000e-01
   -5.40000000e-02   7.46000000e-01  -4.54000000e-01  -8.54000000e-01
    1.46000000e-01  -2.54000000e-01  -2.54000000e-01  -3.54000000e-01
    2.46000000e-01   1.46000000e-01  -2.54000000e-01  -5.40000000e-02
   -2.54000000e-01  -5.40000000e-02  -2.54000000e-01   7.46000000e-01
   -2.54000000e-01  -2.54000000e-01  -4.54000000e-01  -5.40000000e-02
    3.46000000e-01   4.60000000e-02  -5.40000000e-02   4.60000000e-02
    4.60000000e-02   4.60000000e-02  -3.54000000e-01   1.46000000e-01
    2.46000000e-01  -5.40000000e-02  -5.54000000e-01  -5.40000000e-02
    3.46000000e-01  -5.40000000e-02]
 [ -2.35866667e+00  -2.35866667e+00  -2.45866667e+00  -2.25866667e+00
   -2.35866667e+00  -2.05866667e+00  -2.35866667e+00  -2.25866667e+00
   -2.35866667e+00  -2.25866667e+00  -2.25866667e+00  -2.15866667e+00
   -2.35866667e+00  -2.65866667e+00  -2.55866667e+00  -2.25866667e+00
   -2.45866667e+00  -2.35866667e+00  -2.05866667e+00  -2.25866667e+00
   -2.05866667e+00  -2.25866667e+00  -2.75866667e+00  -2.05866667e+00
   -1.85866667e+00  -2.15866667e+00  -2.15866667e+00  -2.25866667e+00
   -2.35866667e+00  -2.15866667e+00  -2.15866667e+00  -2.25866667e+00
   -2.25866667e+00  -2.35866667e+00  -2.25866667e+00  -2.55866667e+00
   -2.45866667e+00  -2.25866667e+00  -2.45866667e+00  -2.25866667e+00
   -2.45866667e+00  -2.45866667e+00  -2.45866667e+00  -2.15866667e+00
   -1.85866667e+00  -2.35866667e+00  -2.15866667e+00  -2.35866667e+00
   -2.25866667e+00  -2.35866667e+00   9.41333333e-01   7.41333333e-01
    1.14133333e+00   2.41333333e-01   8.41333333e-01   7.41333333e-01
    9.41333333e-01  -4.58666667e-01   8.41333333e-01   1.41333333e-01
   -2.58666667e-01   4.41333333e-01   2.41333333e-01   9.41333333e-01
   -1.58666667e-01   6.41333333e-01   7.41333333e-01   3.41333333e-01
    7.41333333e-01   1.41333333e-01   1.04133333e+00   2.41333333e-01
    1.14133333e+00   9.41333333e-01   5.41333333e-01   6.41333333e-01
    1.04133333e+00   1.24133333e+00   7.41333333e-01  -2.58666667e-01
    4.13333333e-02  -5.86666667e-02   1.41333333e-01   1.34133333e+00
    7.41333333e-01   7.41333333e-01   9.41333333e-01   6.41333333e-01
    3.41333333e-01   2.41333333e-01   6.41333333e-01   8.41333333e-01
    2.41333333e-01  -4.58666667e-01   4.41333333e-01   4.41333333e-01
    4.41333333e-01   5.41333333e-01  -7.58666667e-01   3.41333333e-01
    2.24133333e+00   1.34133333e+00   2.14133333e+00   1.84133333e+00
    2.04133333e+00   2.84133333e+00   7.41333333e-01   2.54133333e+00
    2.04133333e+00   2.34133333e+00   1.34133333e+00   1.54133333e+00
    1.74133333e+00   1.24133333e+00   1.34133333e+00   1.54133333e+00
    1.74133333e+00   2.94133333e+00   3.14133333e+00   1.24133333e+00
    1.94133333e+00   1.14133333e+00   2.94133333e+00   1.14133333e+00
    1.94133333e+00   2.24133333e+00   1.04133333e+00   1.14133333e+00
    1.84133333e+00   2.04133333e+00   2.34133333e+00   2.64133333e+00
    1.84133333e+00   1.34133333e+00   1.84133333e+00   2.34133333e+00
    1.84133333e+00   1.74133333e+00   1.04133333e+00   1.64133333e+00
    1.84133333e+00   1.34133333e+00   1.34133333e+00   2.14133333e+00
    1.94133333e+00   1.44133333e+00   1.24133333e+00   1.44133333e+00
    1.64133333e+00   1.34133333e+00]
 [ -9.98666667e-01  -9.98666667e-01  -9.98666667e-01  -9.98666667e-01
   -9.98666667e-01  -7.98666667e-01  -8.98666667e-01  -9.98666667e-01
   -9.98666667e-01  -1.09866667e+00  -9.98666667e-01  -9.98666667e-01
   -1.09866667e+00  -1.09866667e+00  -9.98666667e-01  -7.98666667e-01
   -7.98666667e-01  -8.98666667e-01  -8.98666667e-01  -8.98666667e-01
   -9.98666667e-01  -7.98666667e-01  -9.98666667e-01  -6.98666667e-01
   -9.98666667e-01  -9.98666667e-01  -7.98666667e-01  -9.98666667e-01
   -9.98666667e-01  -9.98666667e-01  -9.98666667e-01  -7.98666667e-01
   -1.09866667e+00  -9.98666667e-01  -1.09866667e+00  -9.98666667e-01
   -9.98666667e-01  -1.09866667e+00  -9.98666667e-01  -9.98666667e-01
   -8.98666667e-01  -8.98666667e-01  -9.98666667e-01  -5.98666667e-01
   -7.98666667e-01  -8.98666667e-01  -9.98666667e-01  -9.98666667e-01
   -9.98666667e-01  -9.98666667e-01   2.01333333e-01   3.01333333e-01
    3.01333333e-01   1.01333333e-01   3.01333333e-01   1.01333333e-01
    4.01333333e-01  -1.98666667e-01   1.01333333e-01   2.01333333e-01
   -1.98666667e-01   3.01333333e-01  -1.98666667e-01   2.01333333e-01
    1.01333333e-01   2.01333333e-01   3.01333333e-01  -1.98666667e-01
    3.01333333e-01  -9.86666667e-02   6.01333333e-01   1.01333333e-01
    3.01333333e-01   1.33333333e-03   1.01333333e-01   2.01333333e-01
    2.01333333e-01   5.01333333e-01   3.01333333e-01  -1.98666667e-01
   -9.86666667e-02  -1.98666667e-01   1.33333333e-03   4.01333333e-01
    3.01333333e-01   4.01333333e-01   3.01333333e-01   1.01333333e-01
    1.01333333e-01   1.01333333e-01   1.33333333e-03   2.01333333e-01
    1.33333333e-03  -1.98666667e-01   1.01333333e-01   1.33333333e-03
    1.01333333e-01   1.01333333e-01  -9.86666667e-02   1.01333333e-01
    1.30133333e+00   7.01333333e-01   9.01333333e-01   6.01333333e-01
    1.00133333e+00   9.01333333e-01   5.01333333e-01   6.01333333e-01
    6.01333333e-01   1.30133333e+00   8.01333333e-01   7.01333333e-01
    9.01333333e-01   8.01333333e-01   1.20133333e+00   1.10133333e+00
    6.01333333e-01   1.00133333e+00   1.10133333e+00   3.01333333e-01
    1.10133333e+00   8.01333333e-01   8.01333333e-01   6.01333333e-01
    9.01333333e-01   6.01333333e-01   6.01333333e-01   6.01333333e-01
    9.01333333e-01   4.01333333e-01   7.01333333e-01   8.01333333e-01
    1.00133333e+00   3.01333333e-01   2.01333333e-01   1.10133333e+00
    1.20133333e+00   6.01333333e-01   6.01333333e-01   9.01333333e-01
    1.20133333e+00   1.10133333e+00   7.01333333e-01   1.10133333e+00
    1.30133333e+00   1.10133333e+00   7.01333333e-01   8.01333333e-01
    1.10133333e+00   6.01333333e-01]]
[[ -7.45858902e-01  -1.14550699e+00  -1.23831936e+00  -1.51730694e+00
   -8.20005575e-01  -4.28491901e-01  -1.28907040e+00  -9.13990262e-01
   -1.81469184e+00  -1.15352221e+00  -4.23664582e-01  -1.17554981e+00
   -1.27568450e+00  -1.65172081e+00  -3.35346238e-02  -1.10651954e-01
   -3.76101789e-01  -7.46752241e-01  -1.39272557e-01  -6.98477128e-01
   -5.06565483e-01  -7.23584547e-01  -1.06122965e+00  -9.06253037e-01
   -1.31937467e+00  -1.12165039e+00  -9.51090654e-01  -6.66387322e-01
   -6.63981321e-01  -1.39931502e+00  -1.33790276e+00  -4.69423453e-01
   -5.42066872e-01  -2.72275546e-01  -1.15352221e+00  -8.70864339e-01
   -3.22065685e-01  -1.15352221e+00  -1.66903307e+00  -8.02487865e-01
   -8.19273283e-01  -2.00959318e+00  -1.54404953e+00  -9.09338146e-01
   -8.01585273e-01  -1.26485782e+00  -7.18753835e-01  -1.39735142e+00
   -5.22613686e-01  -9.11708574e-01   2.60118332e+00   2.42935627e+00
    2.23708503e+00  -8.77373612e-01   1.57270555e+00  -3.71535796e-01
    1.75644201e+00  -3.46450480e+00   1.78676304e+00  -1.83331821e+00
   -2.29019961e+00   2.89909544e-01   3.63158777e-01   6.47498381e-01
   -1.88451899e+00   2.62415316e+00  -6.48241802e-01  -1.67738026e-01
    5.98077821e-01  -9.66672917e-01   1.44027565e-01   1.24836108e+00
    7.56807559e-01   5.76418842e-01   1.84603316e+00   2.30703328e+00
    1.77759146e+00   1.79669634e+00   4.86120143e-01  -1.22283012e+00
   -1.30010198e+00  -1.55516571e+00  -2.39490295e-01   2.54726534e-01
   -1.01342254e+00   7.42413604e-01   2.28487054e+00   8.52037173e-01
   -1.13570988e+00  -1.06413249e+00  -8.04055164e-01   7.83320837e-01
   -1.73325168e-01  -3.31618885e+00  -7.80468388e-01  -6.35954133e-01
   -5.92285378e-01   1.35881589e+00  -2.78907366e+00  -6.23595887e-01
    5.79921624e-01  -6.56743419e-02   1.59786248e+00   6.30236336e-01
    8.69447682e-01   1.64500631e+00  -1.34029133e+00   1.45207745e+00
    9.29091160e-01   2.12766929e+00   1.54233581e+00   8.28024501e-01
    1.50306016e+00  -1.99826014e-01  -6.05544057e-02   1.05105205e+00
    1.01958283e+00   2.16290652e+00   1.42748837e+00   2.10917665e-01
    1.66354860e+00  -3.91372924e-01   1.56053311e+00   8.52878796e-01
    1.40637766e+00   1.70702000e+00   7.62081780e-01   5.78660710e-01
    7.40776613e-01   1.66218664e+00   1.60966044e+00   2.52483695e+00
    7.35023179e-01   7.97458606e-01   3.03980521e-01   2.05457046e+00
    7.54505730e-01   8.97998336e-01   3.71364243e-01   1.85143528e+00
    1.32253853e+00   2.12567302e+00  -6.56743419e-02   1.34812330e+00
    1.38236929e+00   1.54526467e+00   7.01129385e-01   1.23563123e+00
    6.54942457e-01   1.02572564e-01]
 [  4.47515341e-01  -6.55731917e-02   1.58129411e-01   5.61362889e-02
    5.30896890e-01   8.17678530e-01   3.58727903e-01   3.74988890e-01
   -1.93623010e-01   5.62494927e-02   6.17339819e-01   3.89846871e-01
   -6.60258431e-02  -5.77923912e-02   7.32086633e-01   1.03909905e+00
    7.17704016e-01   4.48051345e-01   7.24865077e-01   7.00982875e-01
    3.95349603e-01   6.28837153e-01   4.66030607e-01   2.99916924e-01
    4.37543421e-01  -7.18210922e-02   3.90210316e-01   4.61982506e-01
    3.57104980e-01   1.78688041e-01   5.89874062e-02   3.66362064e-01
    8.81350179e-01   9.08818763e-01   5.62494927e-02   1.50766237e-01
    4.18372706e-01   5.62494927e-02  -6.24441934e-02   3.73534710e-01
    4.33275752e-01  -1.12796520e+00   1.56187921e-01   4.80906893e-01
    8.04460915e-01  -6.54654847e-02   7.21332324e-01   1.64085770e-01
    6.21365230e-01   2.65945031e-01   3.28333803e-01   6.37160506e-01
    9.73872976e-02  -1.92681467e+00  -6.08325700e-01  -6.58395993e-01
    9.46170953e-01  -2.40189344e+00  -3.63649571e-01  -1.00879997e+00
   -2.86229690e+00  -2.76266742e-01  -1.97960168e+00  -3.88499029e-01
   -1.19266818e+00   1.40907835e-01  -1.43856400e-01  -1.37029064e+00
   -1.43203306e+00  -2.20083615e+00   3.71082784e-01  -1.23539109e+00
   -9.18112527e-01  -5.70430074e-01  -5.10698994e-01  -1.64642904e-01
   -4.71959824e-01  -1.13254789e-01  -4.77845757e-01  -3.87324330e+00
   -2.47650494e+00  -2.96236420e+00  -1.95645149e+00  -5.75573573e-01
   -1.23439437e-01   1.63962834e+00   1.22689547e-01  -1.40679422e+00
   -2.52034248e-01  -1.71707592e+00  -1.06322634e+00  -1.64802566e-01
   -1.81591445e+00  -2.96490877e+00  -1.13542114e+00  -2.39592022e-01
   -6.36362429e-01  -5.86703682e-01  -2.07867283e+00  -1.10506992e+00
    3.12395736e-01  -5.36508854e-01  -6.86614647e-02  -2.12532253e-01
   -7.14977282e-02  -5.05675565e-02  -7.87125158e-01  -1.53514824e-01
   -6.00836384e-01   8.56295404e-01   3.42915272e-01  -5.26564084e-01
   -8.48417234e-02  -7.72350780e-01  -3.54941978e-01   2.75665149e-01
   -8.38438675e-02   8.69045743e-01  -3.49055505e-01  -1.14972565e+00
    2.29853087e-01  -4.08528998e-01  -2.13487653e-01  -6.61136702e-01
    4.03854751e-01   1.83703872e-01  -5.42716184e-01  -1.21744201e-01
   -3.38007053e-01  -6.61607457e-02  -2.62646949e-01   9.15816060e-01
   -3.35381834e-01  -4.43549969e-01  -5.37690220e-01  -5.97559092e-02
    5.71662006e-01   7.42058506e-02  -1.28002143e-01   8.05987598e-02
    7.10156874e-02   9.25371850e-02  -5.36508854e-01   2.05741466e-01
    3.96960520e-01  -9.74057884e-02  -8.50567180e-01  -1.01610284e-01
    6.35355393e-01  -9.77456199e-02]
 [ -2.36668054e+00  -2.86417225e+00  -2.66292816e+00  -2.75637314e+00
   -2.29342271e+00  -1.98974886e+00  -2.44543222e+00  -2.44790435e+00
   -2.96553337e+00  -2.76193161e+00  -2.15845955e+00  -2.43222383e+00
   -2.88394362e+00  -2.84538341e+00  -1.98009055e+00  -1.74366893e+00
   -2.08580962e+00  -2.36951518e+00  -2.00034259e+00  -2.12236817e+00
   -2.35229205e+00  -2.19865870e+00  -2.35462107e+00  -2.50987388e+00
   -2.35042593e+00  -2.87107033e+00  -2.43449133e+00  -2.33960647e+00
   -2.43436882e+00  -2.64197204e+00  -2.76813364e+00  -2.39158896e+00
   -1.90313219e+00  -1.87050656e+00  -2.76193161e+00  -2.64219552e+00
   -2.30636553e+00  -2.76193161e+00  -2.84313809e+00  -2.43841156e+00
   -2.38852164e+00  -3.67810404e+00  -2.63023311e+00  -2.32761812e+00
   -2.00432264e+00  -2.85946771e+00  -2.08728692e+00  -2.65084682e+00
   -2.17253395e+00  -2.54990114e+00   2.11692844e+00   3.23526248e+00
    2.41633411e+00   6.16716985e-01   2.01497909e+00   1.92161770e+00
    3.62057828e+00  -1.68450834e+00   1.98669160e+00   4.02760062e-01
   -7.02448576e-01   2.25788374e+00   5.59419053e-01   2.37472133e+00
   -1.22880964e+00   1.96454112e+00   1.97491749e+00   1.32125953e+00
    1.24310754e+00   5.61464817e-01   2.64671831e+00   1.17378366e+00
    1.89146648e+00   2.11403482e+00   1.79518434e+00   1.95538856e+00
    1.93491140e+00   2.60346194e+00   2.30027914e+00  -2.20678179e+00
    1.56517132e-01  -2.65737054e-01   7.81106808e-01   2.18089271e+00
    1.69462535e+00   3.51303799e+00   2.51069043e+00   1.19658359e+00
    1.59310537e+00   7.47992160e-01   1.50194382e+00   2.56766467e+00
    9.65287859e-01  -1.80358730e+00   1.41553445e+00   1.95814714e+00
    1.82368800e+00   2.06235234e+00  -2.84660612e+00   1.48502834e+00
    2.84627226e+00   2.03287347e+00   2.72272376e+00   2.54118651e+00
    2.70279066e+00   2.66072748e+00   1.05328902e+00   2.53332688e+00
    2.21391216e+00   3.67192852e+00   3.15043620e+00   2.29268581e+00
    2.73588372e+00   1.73058623e+00   1.87439176e+00   2.91021838e+00
    2.70370595e+00   3.42647884e+00   2.41519756e+00   1.67118592e+00
    3.05631137e+00   1.83569985e+00   2.47219823e+00   2.13157445e+00
    3.18705972e+00   2.82014803e+00   2.22499391e+00   2.57316139e+00
    2.45032935e+00   2.50103955e+00   2.42103959e+00   3.24259448e+00
    2.43129823e+00   2.34231637e+00   2.18076415e+00   2.59089818e+00
    3.04225522e+00   2.80906785e+00   2.46838701e+00   2.87585720e+00
    2.84268592e+00   2.69833067e+00   2.03287347e+00   3.01754150e+00
    3.13265321e+00   2.59989277e+00   1.90584367e+00   2.71211646e+00
    3.01395949e+00   2.42795293e+00]
 [ -1.00205976e+00  -1.21269927e+00  -1.08163405e+00  -1.21872697e+00
   -9.71042176e-01  -7.71929770e-01  -9.31724881e-01  -1.08233788e+00
   -1.25561588e+00  -1.34346615e+00  -9.54360216e-01  -1.12522276e+00
   -1.34334061e+00  -1.17582544e+00  -7.72844098e-01  -6.16562981e-01
   -6.77548787e-01  -9.02800019e-01  -8.73206545e-01  -8.44436922e-01
   -1.14110540e+00  -7.77447791e-01  -8.52397863e-01  -8.51796576e-01
   -1.26289026e+00  -1.32824686e+00  -9.00716682e-01  -1.03445410e+00
   -1.03071919e+00  -1.22225884e+00  -1.28062514e+00  -8.45668116e-01
   -9.25726637e-01  -7.91978189e-01  -1.34346615e+00  -1.03126860e+00
   -9.36804654e-01  -1.34346615e+00  -1.15483212e+00  -1.07814065e+00
   -8.73027973e-01  -1.34438293e+00  -1.06835390e+00  -6.45522257e-01
   -8.61254849e-01  -1.08947498e+00  -9.65644166e-01  -1.12237663e+00
   -9.60583193e-01  -1.07963592e+00   4.52770814e-01   1.31505273e+00
    6.37957370e-01   2.58952988e-01   7.21688232e-01   2.62667168e-01
    1.54361765e+00  -7.29627160e-01   2.39284566e-01   5.73743107e-01
   -5.39509473e-01   1.54163663e+00  -4.60516237e-01   5.07907821e-01
    7.84785992e-01   6.16727045e-01   8.02754232e-01  -7.69014333e-01
    5.05291916e-01  -3.91966005e-01   1.52838663e+00   4.92859438e-01
    4.99382506e-01   2.99438359e-03   3.36044360e-01   6.13853789e-01
    3.74099388e-01   1.05145187e+00   9.35005551e-01  -1.69489942e+00
   -3.73621540e-01  -8.99882296e-01   7.36893215e-03   6.52533504e-01
    6.88822536e-01   1.90184251e+00   8.03705436e-01   1.89065183e-01
    4.72953156e-01   3.14074056e-01   3.12254433e-03   6.14449072e-01
    5.33308209e-03  -7.81204963e-01   3.25016973e-01   5.91585240e-03
    4.18731988e-01   3.86056103e-01  -3.70208880e-01   4.40867790e-01
    1.65256498e+00   1.06291396e+00   1.14605309e+00   8.29887847e-01
    1.32579738e+00   8.44041190e-01   7.12296172e-01   5.99438837e-01
    6.52171382e-01   2.04088966e+00   1.88211944e+00   1.04321171e+00
    1.41612358e+00   1.11716683e+00   1.67875445e+00   2.07944670e+00
    9.33668747e-01   1.16649393e+00   8.46754324e-01   4.05679934e-01
    1.73386895e+00   1.28885001e+00   6.73522727e-01   1.12306084e+00
    1.47970630e+00   7.56625081e-01   1.28485564e+00   1.35571938e+00
    1.19943710e+00   4.91713196e-01   7.25208899e-01   9.83745222e-01
    1.32216146e+00   5.26206263e-01   2.38447058e-01   1.21872546e+00
    1.98484573e+00   9.70053293e-01   1.42540658e+00   1.57926845e+00
    1.85464158e+00   2.21552797e+00   1.06291396e+00   1.55198585e+00
    2.09991040e+00   1.98659707e+00   1.07677097e+00   1.50784643e+00
    2.02236437e+00   1.08847592e+00]]
[[ 251.05625678   49.15149695  353.38876224  147.51486644]
 [  49.15149695  124.53342251  -33.75587124    1.72252175]
 [ 353.38876224  -33.75587124  832.01308875  352.62900876]
 [ 147.51486644    1.72252175  352.62900876  172.83108856]]
Eigen values:
[   14.02707038    51.22628564   166.63050153  1148.54999905]
Eigen vectors:
[[ 0.24581935 -0.70435849 -0.53830452 -0.39202067]
 [-0.26412599  0.5226202  -0.81057684  0.00841264]
 [-0.46549336  0.13291448  0.22861149 -0.84462208]
 [ 0.80816226  0.46160696  0.0304993  -0.36450317]]
Eigen values:
[ 1148.54999905   166.63050153    51.22628564    14.02707038]
Eigen vectors:
[[-0.39202067 -0.53830452 -0.70435849  0.24581935]
 [ 0.00841264 -0.81057684  0.5226202  -0.26412599]
 [-0.84462208  0.22861149  0.13291448 -0.46549336]
 [-0.36450317  0.0304993   0.46160696  0.80816226]]
P
[[-0.39202067  0.00841264 -0.84462208 -0.36450317]
 [-0.53830452 -0.81057684  0.22861149  0.0304993 ]
 [-0.70435849  0.5226202   0.13291448  0.46160696]
 [ 0.24581935 -0.26412599 -0.46549336  0.80816226]]
Y
[[  2.66036150e+00  -5.32858834e-01  -1.78912634e-02  -9.69980616e-03]
 [  3.30968663e+00  -2.19854552e-02  -1.67902684e-01   8.89271622e-02]
 [  3.13020404e+00  -1.03348179e-01   1.01630865e-01   1.92705949e-02]
 [  3.36761140e+00   1.03961526e-01   1.69131236e-01  -8.96662187e-02]
 [  2.61694880e+00  -5.42838901e-01   1.01966417e-01  -5.89835150e-02]
 [  2.13681319e+00  -9.10554919e-01   1.08352636e-01  -1.89313912e-02]
 [  2.91344282e+00  -1.84334958e-01   3.40322094e-01  -2.62802501e-02]
 [  2.82352738e+00  -4.04581825e-01   1.47769423e-02  -5.89422197e-02]
 [  3.67219876e+00   4.17552753e-01   2.03238964e-01  -2.92507916e-02]
 [  3.27516385e+00  -9.70323898e-02  -1.45363742e-01  -9.84928576e-02]
 [  2.34222866e+00  -7.94896772e-01  -1.06383841e-01  -3.37297762e-02]
 [  2.92857669e+00  -2.73549881e-01   1.89061921e-01  -1.69120122e-01]
 [  3.42503361e+00   3.99521646e-02  -1.39380467e-01  -3.93293899e-02]
 [  3.47888827e+00   2.49624768e-01   2.12238249e-01  -1.65111404e-02]
 [  1.97343738e+00  -1.05160329e+00  -2.13709262e-01   9.55289920e-02]
 [  1.74959987e+00  -1.20013267e+00   1.04624181e-01   1.17299095e-02]
 [  2.16216701e+00  -8.76801768e-01   5.00015684e-02   1.41343776e-01]
 [  2.62692993e+00  -5.30433097e-01   2.84603167e-02   7.14765109e-02]
 [  2.06851583e+00  -9.96521284e-01  -1.92025774e-01  -2.37991238e-04]
 [  2.38011355e+00  -7.03159571e-01   1.86434685e-01  -5.13407635e-02]
 [  2.60464442e+00  -6.20338645e-01  -2.75974482e-01  -5.61677119e-02]
 [  2.42936815e+00  -6.46562251e-01   1.87197031e-01   5.11937279e-02]
 [  2.71941118e+00  -3.70779863e-01   2.84607105e-01   2.32230972e-02]
 [  2.78817047e+00  -3.55030808e-01   6.82758579e-02   1.77949379e-01]
 [  2.96645218e+00  -2.20288852e-01   2.62617210e-01  -3.66407010e-01]
 [  3.34822552e+00  -3.48642681e-02  -2.42225989e-01   6.27161483e-03]
 [  2.76066912e+00  -3.88342961e-01   1.34484334e-01   6.84531350e-02]
 [  2.61826919e+00  -5.82164057e-01  -7.76618310e-02  -3.27679864e-02]
 [  2.69512067e+00  -5.19997773e-01  -1.45038859e-01   4.26539939e-02]
 [  3.22704879e+00  -3.28459807e-02   1.63645876e-01  -1.49137903e-01]
 [  3.32980050e+00   4.99961410e-04   1.41206661e-02  -9.08675864e-02]
 [  2.51534333e+00  -6.16808835e-01  -1.86132479e-01   2.17672600e-01]
 [  2.16477367e+00  -8.85916894e-01   1.62145126e-01  -2.28279962e-01]
 [  1.98293292e+00  -1.04187436e+00   5.25465837e-02  -7.63117637e-02]
 [  3.27516385e+00  -9.70323898e-02  -1.45363742e-01  -9.84928576e-02]
 [  2.95022252e+00  -2.88906630e-01  -1.35032631e-01   1.42595505e-01]
 [  2.41925155e+00  -7.21587356e-01  -2.93485194e-01   1.26834576e-01]
 [  3.27516385e+00  -9.70323898e-02  -1.45363742e-01  -9.84928576e-02]
 [  3.47608732e+00   2.63868267e-01   2.31990259e-01  -3.61733851e-03]
 [  2.77025618e+00  -4.61127170e-01  -6.13215019e-02  -3.21754788e-02]
 [  2.66043664e+00  -4.82855006e-01   8.30358565e-02   9.04600749e-02]
 [  4.37495262e+00   1.11421599e+00  -2.83473173e-01   4.29581480e-01]
 [  3.21758464e+00   7.06809845e-02   3.26435703e-01  -5.98578136e-02]
 [  2.56177762e+00  -4.52119373e-01   2.84479985e-01   2.11251118e-01]
 [  2.32783092e+00  -7.05059263e-01   3.21066184e-01  -1.72559005e-01]
 [  3.30758633e+00   4.70080978e-02  -2.62741304e-02   1.56955265e-01]
 [  2.40278366e+00  -7.04416079e-01   1.60064487e-01  -1.75985197e-01]
 [  3.19724463e+00  -2.10492750e-02   1.99558085e-01  -5.99461935e-02]
 [  2.39520846e+00  -7.48302291e-01  -3.93276989e-02  -5.75942331e-02]
 [  2.90687943e+00  -3.40656868e-01  -5.61283164e-02   2.00824195e-02]
 [ -2.96999637e+00  -1.16860517e+00  -1.17019909e+00  -6.68041418e-02]
 [ -4.15891268e+00  -1.04447466e+00  -3.41094048e-01  -1.43250680e-02]
 [ -3.14959091e+00  -7.11313887e-01  -9.09161916e-01  -8.50181345e-02]
 [ -2.87542988e-01   2.18301201e+00  -1.87501588e-01   2.15444800e-01]
 [ -2.58660419e+00   1.29158569e-01  -8.24715600e-01   1.92557899e-01]
 [ -1.57867290e+00   1.18099499e+00   2.94263157e-01  -5.99653770e-01]
 [ -4.30127567e+00  -8.37659897e-01   4.51095128e-01  -2.56002505e-01]
 [  3.02667557e+00   3.40452673e+00   6.24278837e-01  -2.27695239e-02]
 [ -2.46873087e+00  -2.05578173e-01  -1.07405684e+00  -1.96140751e-01]
 [  1.60900727e-01   1.91416772e+00   1.08247047e+00   9.19806020e-02]
 [  1.66368258e+00   3.37589392e+00  -2.25179540e-01   8.40055788e-02]
 [ -2.58496457e+00   6.31072807e-01   6.63152813e-01   3.39097276e-01]
 [ -4.63657490e-01   1.52297346e+00  -1.42859639e+00  -2.04419894e-02]
 [ -2.44797714e+00   5.24736421e-01  -1.09019789e-01  -4.33164747e-01]
 [  1.48055968e+00   1.72420973e+00   9.03000561e-01   1.05800059e+00]
 [ -2.91163064e+00  -1.05888373e+00  -1.22890182e+00   1.91784884e-01]
 [ -1.70775142e+00   9.41530432e-01   1.01446443e+00  -3.91909453e-01]
 [ -7.81427809e-01   1.47962071e+00  -7.77361711e-01  -9.15829774e-01]
 [ -1.48064264e+00   1.13842456e+00  -7.71197335e-01   3.54955808e-01]
 [  2.90881756e-02   2.42071384e+00  -5.75624574e-01  -2.34459153e-01]
 [ -2.84591849e+00   2.73363133e-01   1.14978941e+00  -5.94532322e-02]
 [ -1.67082867e+00   6.12753294e-01  -1.14141387e+00   4.85092105e-01]
 [ -2.08400883e+00   7.84449607e-01  -5.30966258e-01  -4.83476611e-02]
 [ -2.01741888e+00   6.35472512e-01  -4.21755721e-01  -6.89288900e-01]
 [ -2.36672105e+00  -1.59118340e-01  -1.17344434e+00   2.46115322e-02]
 [ -2.78110582e+00  -6.42684326e-01  -1.16776556e+00   1.96472972e-01]
 [ -2.47145233e+00  -1.20573076e-01  -1.06885276e+00  -3.67321636e-02]
 [ -3.28749385e+00  -2.48118204e-01  -4.93312280e-01   1.09425746e-01]
 [ -2.47826814e+00   6.80037288e-01   1.45210779e-01  -6.94192322e-02]
 [  2.92848331e+00   3.24162740e+00  -2.23861502e+00   3.79917432e-01]
 [  4.92821299e-01   2.73163475e+00  -5.30196537e-01  -4.02854148e-02]
 [  1.13719312e+00   3.15018024e+00  -9.03509418e-01  -2.03404522e-01]
 [ -5.84999844e-01   1.89356772e+00  -7.46572082e-01   1.00233603e-01]
 [ -2.18458084e+00   8.47905108e-01   1.10861053e-01  -2.73197459e-01]
 [ -1.28615187e+00   1.05400652e+00   1.19250635e+00  -4.48671764e-01]
 [ -3.93766495e+00  -8.67563657e-01   1.67881491e+00  -3.48867324e-01]
 [ -3.30822209e+00  -7.30920324e-01  -8.40544802e-01   1.00745794e-02]
 [ -1.42542682e+00   9.60978468e-01  -1.08904160e+00   1.76811775e-01]
 [ -1.07486343e+00   1.19427782e+00   1.09829395e+00  -5.71967736e-01]
 [ -3.43534905e-01   2.14522796e+00   9.65499596e-02   9.75774454e-02]
 [ -9.63451401e-01   1.63811003e+00   2.11750990e-01  -6.13447950e-01]
 [ -2.70113930e+00   3.17657902e-01  -1.29540549e-02  -4.62572229e-01]
 [ -7.64576963e-01   1.78607848e+00  -6.96187993e-01  -8.00156421e-03]
 [  3.08317319e+00   3.75225887e+00   1.85932064e-01   1.76143617e-01]
 [ -1.01765353e+00   1.67399597e+00   2.94510640e-01  -2.88215424e-01]
 [ -1.40875911e+00   9.84380095e-01   5.85720968e-01  -9.99770864e-01]
 [ -1.46612168e+00   1.26433761e+00   5.20289517e-01  -4.88026602e-01]
 [ -2.42024664e+00   2.27363559e-01  -8.11394034e-01  -1.59028409e-01]
 [  3.61513608e+00   2.52423706e+00   3.28905149e-01   8.89310641e-01]
 [ -1.17981953e+00   1.58436927e+00   2.62592608e-01  -1.96392361e-01]
 [ -3.23110277e+00   1.35697431e-01   8.95937891e-01   7.06639521e-02]
 [ -2.08321310e+00   9.67390813e-01   5.26714720e-01   3.82797709e-02]
 [ -3.34438534e+00  -1.47081459e-01  -2.70436383e-01   6.97078316e-02]
 [ -2.69769262e+00   4.39270082e-01   1.65856523e-01  -3.01161816e-01]
 [ -3.10753697e+00   2.48251672e-01   3.21468295e-01   4.59397889e-02]
 [ -3.20026675e+00  -2.10509914e-01  -4.41837299e-01  -1.38698137e-01]
 [ -6.30465281e-01   1.62202882e+00   1.00147631e+00  -3.62174811e-02]
 [ -2.92873702e+00  -5.97942036e-02  -4.89592069e-01  -2.97306996e-01]
 [ -2.47691520e+00   5.12906612e-01  -3.73114647e-01  -1.16416012e-01]
 [ -4.67218929e+00  -9.37736477e-01   3.79016677e-01   2.36964083e-01]
 [ -3.94870917e+00  -3.30576289e-01   3.80395138e-01   3.43113939e-01]
 [ -2.64573955e+00   5.37042860e-01  -7.21341904e-02   1.18478031e-01]
 [ -3.41691373e+00  -7.16881192e-02  -8.57021264e-02   2.62812119e-01]
 [ -1.79706378e+00   1.16332161e+00   4.82814986e-01   2.52152504e-01]
 [ -2.17431141e+00   8.00012785e-01   8.81210706e-01   5.63053045e-01]
 [ -3.62571467e+00  -6.05028361e-02   7.50447964e-01   5.11401633e-01]
 [ -3.02433786e+00   1.65690332e-01   2.83793329e-02  -2.31222774e-01]
 [ -4.15986351e+00  -1.04982104e+00  -7.53903533e-02  -3.50140054e-01]
 [ -2.91111526e+00   9.24801854e-02  -4.76004600e-01   3.15536631e-03]
 [ -1.65174847e+00   1.21282831e+00  -3.40042008e-01  -9.45506579e-02]
 [ -3.86364056e+00  -3.30219645e-01   1.54985291e-01   3.26777080e-01]
 [ -1.87027308e+00   1.00079306e+00   9.01094565e-01   1.98789952e-01]
 [ -2.94713161e+00  -8.12789939e-02  -5.71253988e-01  -1.66479328e-01]
 [ -2.54964211e+00   5.98348565e-01  -1.44526009e-01   2.99659143e-01]
 [ -3.77915027e+00  -3.10686291e-01   3.27117710e-01  -4.86660270e-02]
 [ -3.32539323e+00  -4.00007918e-01  -3.82244771e-01  -3.30186754e-01]
 [ -2.65093043e+00   5.77527469e-01   6.84189989e-02   3.33331857e-01]
 [ -2.89538409e+00   4.16790101e-01   4.96609342e-01   7.22535193e-02]
 [ -2.80004418e+00   4.71972720e-01   1.80931152e-01   1.00101448e-01]
 [ -2.94383235e+00  -2.54370935e-01  -6.45949613e-01  -3.40760833e-01]
 [ -2.94243416e+00  -7.79961302e-02  -6.14489907e-01  -7.58338140e-02]
 [ -4.07942899e+00  -1.33017255e+00  -4.14674980e-01  -3.35617473e-01]
 [ -2.82642594e+00   4.72334153e-01   2.40476529e-01   2.06033804e-01]
 [ -2.48652767e+00   4.81785115e-01  -2.39276681e-01  -3.51888833e-01]
 [ -2.05252631e+00   7.78025359e-01  -9.51950788e-02  -6.05685052e-01]
 [ -3.43849590e+00  -4.28068451e-01  -5.71443759e-01   2.99718293e-01]
 [ -3.58401115e+00  -1.13498931e-01   1.08789796e+00   2.22409144e-01]
 [ -3.07759788e+00   1.28225019e-01   2.27417862e-01  -3.22496281e-01]
 [ -2.75107869e+00   5.11624054e-01   6.57591910e-01   1.28039270e-01]
 [ -3.72978370e+00  -3.56346897e-01  -1.50707251e-01   3.71443139e-01]
 [ -3.59488304e+00  -6.30562125e-02   3.39522569e-01   4.81948397e-01]
 [ -3.91916591e+00  -5.34826457e-01  -6.75236939e-02   1.03254118e+00]
 [ -2.08321310e+00   9.67390813e-01   5.26714720e-01   3.82797709e-02]
 [ -3.64114731e+00  -1.55291004e-01   2.75444975e-01   1.26664006e-01]
 [ -3.94990992e+00  -2.85696337e-01   6.19484259e-01   4.73804613e-01]
 [ -3.52664290e+00  -9.79129072e-02   1.23263904e-01   8.00843328e-01]
 [ -2.28421681e+00   7.80567461e-01  -1.88010831e-01   3.80056166e-01]
 [ -3.32557604e+00   8.32263061e-02   1.33081019e-01   2.86692375e-01]
 [ -3.53422093e+00  -1.16856391e-01   1.20487161e+00   2.24604109e-01]
 [ -2.48848845e+00   6.12270748e-01   7.01826465e-01  -1.99499315e-01]]
